68499 38964
25777 99486
7033 50530
99934 87076
95695 77837
6333 37724
6869 75389
47809 58155
57027 42559
40136 57084
68346 64939
84877 69385
53728 31801
98960 80676
91008 33119
66959 54308
48670 59506
4912 92734
79810 55701
28414 4845
37444 70381
40646 29622
87776 44312
81746 88453
40413 39679
4617 21881
86141 3635
30312 84369
65044 39868
67862 29271
78454 50928
10434 34820
27554 27123
77699 10221
9942 2240
72619 989
30610 47384
91694 13264
96593 13262
52939 73439
90195 37005
40639 57554
41922 71212
5956 70949
95095 1842
52769 73817
3513 68426
95547 58078
68297 25942
28180 68123
69110 78237
25621 95674
3815 99718
12979 12191
80506 95283
32287 65916
18346 65577
36789 67801
33626 60266
56984 37620
6313 23598
92022 9752
67828 9825
35765 82445
50567 31001
4115 58821
49371 19677
19394 24611
31677 48061
43343 27249
88040 12182
72635 70506
33183 6386
61527 4300
41918 61685
85281 18510
23137 48230
52930 77302
59746 85840
16841 83570
37267 10313
24865 15831
40440 81514
29574 39134
66381 72115
79173 67793
33175 54421
55682 46684
50982 61233
22917 12085
25471 87775
36004 8197
80374 48606
34446 83809
67379 40120
45308 46162
56868 99521
81034 70171
9304 97306
64297 5485
68153 70561
19858 38346
85028 1327
62558 70415
82498 36009
23784 85474
88546 7968
51450 54663
38472 68920
3916 80771
21809 727
95123 49222
14269 78675
75980 76157
76517 18448
83884 35153
73498 44669
45994 3741
74154 58525
94533 3428
88900 51529
54372 13193
62731 77446
46365 5821
86590 96078
96803 45156
94376 3275
81948 86803
62959 3521
16844 52804
87956 39475
84142 728
99343 61453
14854 25012
28438 68374
19902 4263
17454 12215
84536 69149
74969 75061
71138 25777
70931 56435
59709 62818
49620 60183
63702 41656
89336 7455
46928 80544
76147 77291
33620 25946
45833 75490
43863 48472
47611 74269
81359 58640
27788 59940
35000 65894
91669 97632
54067 6138
68954 57476
17658 8652
45183 18573
26026 81358
56779 34518
6685 67829
88650 27802
3291 40303
83651 34482
3627 42029
668 31261
91199 84985
45755 23332
20963 21076
27212 32301
89775 69905
78555 91041
9613 7433
83666 23738
53131 30514
93218 35321
63122 59815
117 76744
6102 61288
3317 78643
9903 9727
89587 98859
22190 95978
17053 35342
67641 43152
13056 39140
30180 52292
59723 86487
5101 34668
60057 38266
73585 58230
18044 48151
24894 31583
92870 13037
91678 30994
40719 91062
89920 96457
92434 30306
60523 6987
45014 4363
43501 23040
75330 52945
39431 68556
3223 35053
68194 44530
2760 63278
11428 36655
68237 20802
28714 31197
62189 55983
41921 20392
16848 97783
22965 26717
33702 4158
8519 83486
6525 78714
31659 46895
10327 81854
11783 65965
10495 13548
71701 74852
11506 8130
23807 78004
4077 74618
30600 52520
72910 66264
58923 72519
99235 84633
88789 81887
60249 27813
1404 92183
33954 61650
38380 27938
93901 44279
52702 50161
25012 99271
2277 19279
92158 31393
6011 26083
73478 96233
62496 36609
4005 41264
25896 16295
98180 98115
20804 9561
1743 58429
14955 22206
50142 35695
74849 53333
3493 38920
38190 27550
41704 23380
54771 35343
61424 33861
30093 60780
92265 29778
71040 87464
3758 91145
84136 91811
1371 96814
50119 4939
22021 97988
33682 65072
18404 72161
5957 3407
30955 16772
35027 39023
74364 72657
1394 89796
45453 30664
60440 31485
18948 32594
23738 26356
18166 17581
14394 2750
2564 14412
12399 64511
24459 24583
91620 40956
44361 42861
59631 97575
36597 70191
42847 94656
79329 10960
41622 39116
70599 19658
52250 96937
23292 84422
96878 70863
73611 36333
50743 11272
70658 76173
756 63140
4095 95116
32853 87251
84825 43331
13521 87360
76892 16299
27257 56366
0 0
